0 8161.6 186.444 33.4887 2206.2 339.38 50 430.338 510.712 50 
1 6826.35 164.003 30.7787 1275.26 296.935 43.8705 162.675 442.673 42.5046 
2 9149.66 198.431 30.4527 2036.88 358.57 50 352.097 537.047 50 
3 7980.73 177.784 29.4576 1596.31 318.745 50 233.944 483.699 48.7423 
4 7253.46 162.434 28.8967 1413.19 294.126 47.2783 188.823 442.494 38.8393 
5 6984.79 154.024 27.9805 1334.06 276.808 42.1454 159.353 416.159 42.0434 
6 8658.88 176.241 27.6031 1574.24 315.8 50 215.448 481.06 50 
7 8104.11 194.046 30.7739 2065.91 344.718 50 396.986 512.658 50 
8 7285.28 164.119 31.3029 1795.34 295.105 45.0395 290.057 439.607 50 
9 6522.1 149.535 27.8964 1612.8 263.641 40.1926 239.249 386.149 50 
10 6650.64 160.917 27.0552 1269.16 289.045 46.6565 172.081 441.536 41.1506 
11 7890.41 192.154 28.2787 1741.82 341.624 50 313.821 512.818 50 
12 7360.72 175.892 28.2512 1418.84 312.613 50 191.918 477.49 50 
13 6548.27 157.044 28.5388 1214.15 281.664 44.2684 149.157 424.56 43.3098 
14 7477.33 182.574 30.0588 1629.98 326.661 50 254.994 490.649 50 
15 7769.18 187.661 30.74 1439.43 332.79 50 176.082 499.774 50 
16 6521.19 161.321 27.5654 1256.63 286.523 45.3775 157.692 431.116 42.2504 
17 6816.76 167.725 26.9164 1338.8 297.042 48.758 182.081 452.872 43.2705 
18 6619.93 161.101 27.2144 1431.74 285.009 45.9163 202.407 432.66 46.6574 
19 6903.74 167.206 28.2244 1506.78 294.718 47.4828 214.271 445.515 50 
20 6594.7 154.051 27.3548 1261.18 276.499 44.3053 161.149 421.696 40.4248 
21 6316.98 150.179 27.8635 1198.48 267.871 40.1179 138.314 399.484 41.9473 
22 6600.44 166.648 27.972 1194.19 297.991 45.9092 145.475 449.541 45.3105 
23 6843.97 168.846 26.7946 1307.03 300.427 48.9135 169.544 457.663 45.7397 
24 6915.98 168.717 28.9888 1352.13 297.518 44.2751 167.407 442.515 45.0189 
25 6294.9 149.544 28.1717 1276.86 266.912 41.5054 160.262 400.208 40.3248 
26 7490.58 168.668 29.4974 1511.07 300.492 46.5036 194.034 453.681 50 
27 6418.91 169.413 28.1587 1236.21 298.017 46.7056 159.103 448.888 41.9342 
28 6653.22 164.114 28.822 1311.85 294.043 47.8138 180.771 446.793 41.1263 
29 5885.67 144.904 26.7578 1026.55 257.064 39.0779 110.69 383.859 44.6519 
30 7618.99 162.627 28.0676 1462.5 291.299 43.6768 189.96 439.155 42.5632 
31 7133.3 163.137 29.3392 1464.22 291.42 45.1655 199.42 436.177 45.6448 
32 8118.87 167.214 28.2043 1655.99 300.852 48.0792 232.811 456.112 50 
33 6922.09 157.53 29.4168 1290.64 285.521 43.0418 156.506 425.936 42.1888 
34 6568.66 149.759 28.007 1120.86 265.43 39.321 118.332 394.759 41.5074 
35 6886.79 158.474 28.3727 1289.68 282.859 44.1795 155.329 428.24 43.17 
36 5719.21 135.671 27.1654 967.401 241.413 35.1162 98.6952 354.422 37.5979 
37 7126.44 158.199 28.8784 1400.24 285.403 43.6067 175.413 425.44 45.6979 
38 6641.1 148.074 27.1911 1118.42 265.402 41.6562 109.739 402.256 50 
39 7060.21 155.952 29.0078 1400.48 279.692 42.0806 182.142 415.04 45.9873 
40 7311.67 151.708 30.0051 1726.71 274.371 40.9156 252.697 405.056 50 
41 6611.39 154.235 29.4646 1394.11 276.987 41.6461 180.359 411.601 43.7451 
42 6391.87 140.689 29.2271 1384.63 259.076 42.2115 183.795 392.482 48.4886 
43 7349.85 156.118 29.6708 1719.67 282.776 46.3707 246.575 430.782 47.5981 
44 7014.03 151.803 28.6293 1392.11 269.604 42.755 178.974 404.109 44.6662 
45 7487.81 171.167 31.1114 1768.87 303.209 45.8532 269.677 449.207 50 
46 7791.84 175.54 30.5568 1611.32 313.36 50 231.539 472.765 50 
47 6850.09 152.938 30.1099 1420.6 275.945 41.9512 175.331 409.58 42.0324 
48 6874.47 162.991 30.322 1520.84 288.889 43.0466 210.144 422.735 48.9635 
49 7070.47 155.54 29.0611 1314.05 277.38 50 163.176 428.975 34.2591 
50 7285.69 160.785 30.1981 1457 289.578 44.4263 185.472 433.679 45.7892 
51 7403.87 162.919 30.9824 1588.26 296.292 50 225.025 452.543 42.6085 
52 7384.93 165.976 29.691 1584.37 297.298 46.8989 222.048 447.953 47.984 
53 6491.9 155.245 30.9417 1296.74 279.598 44.2687 159.466 416.655 45.6239 
54 6944.35 152.342 29.6837 1284.47 272.729 42.7485 149.015 404.658 50 
55 36830 0.00505795 0.000203105 2714.46 0.00985776 0.000278123 367.054 0.0147478 0.00027873 
56 34188.1 0.00834674 0.000371306 4142.58 0.0170341 9.36505e-05 181.078 0.0249196 0.000554132 
57 14558.8 0.00425654 0.000192194 498.125 0.00820544 0.000246658 162.554 0.0123717 -4.14388e-05 
58 31535.2 0.00500233 0.000269904 2985.11 0.00974383 0.000301048 384.077 0.0145289 0.000355569 
59 33971 0.00503567 0.000177186 2402.33 0.00984876 0.000213356 226.876 0.0147487 0.000253726 
60 33106 0.00383269 0.000164172 2773.22 0.00752453 0.000201178 297.709 0.0111564 0.000285962 
61 32099.4 0.00401669 0.000189461 3040.26 0.00795095 0.000225654 329.577 0.0118249 0.00032983 
62 35026.9 0.00470162 0.000215113 3854.51 0.00903794 0.000266882 609.326 0.0135508 0.000306406 
