0 154.315
1 136.897
2 163.956
3 146.621
4 132.601
5 126.131
6 146.281
7 157.683
8 132.732
9 119.526
10 129.527
11 157.698
12 143.152
13 129.345
14 147.383
15 147.066
16 127.884
17 132.66
18 129.554
19 129.751
20 128.112
21 127.208
22 133.738
23 134.457
24 131.076
25 122.844
26 134.375
27 129.323
28 135.858
29 118.148
30 132.363
31 131.334
32 138.51
33 128.016
34 119.51
35 130.143
36 110.791
37 133.289
38 122.49
39 128.582
40 126.327
41 126.408
42 126.301
43 130.432
44 121.136
45 134.56
46 144.676
47 124.144
48 130.156
49 128.979
50 133.674
51 138.311
52 132.637
53 131.314
54 123.166
55 0.00493337
56 0.00827904
57 0.00400359
58 0.00480853
59 0.00481927
60 0.00364628
61 0.00418742
62 0.00474052
