0 155.904
1 135.564
2 164.187
3 159.051
4 115.911
5 124.808
6 152.3
7 153.225
8 128.379
9 115.974
10 133.006
11 149.659
12 123.821
13 129.005
14 134.927
15 144.871
16 144.07
17 131.191
18 122.084
19 129.659
20 126.266
21 127.249
22 137.565
23 123.091
24 133.361
25 121.039
26 129.615
27 127.993
28 145.38
29 126.244
30 130.482
31 130.775
32 130.109
33 119.342
34 113.606
35 126.916
36 107.393
37 129.173
38 117.459
39 132.107
40 130.106
41 129.151
42 123.824
43 130.156
44 116.595
45 135.506
46 131.862
47 116.22
48 121.248
49 141.849
50 131.847
51 126.307
52 131.097
53 115.173
54 129.694
55 0.00487937
56 0.00826943
57 0.00397616
58 0.00475818
59 0.00480384
60 0.00360483
61 0.00397846
62 0.00464314
