0 156.674
1 134.265
2 163.235
3 144.902
4 134.091
5 124.212
6 143.345
7 154.05
8 133.167
9 115.135
10 131.689
11 153.37
12 140.992
13 126.361
14 147.57
15 147.692
16 127.268
17 132.849
18 126.719
19 131.14
20 125.491
21 119.494
22 133.325
23 134.637
24 130.262
25 118.981
26 135.093
27 131.261
28 133.351
29 112.859
30 130.973
31 129.979
32 136.569
33 129.184
34 116.542
35 126.551
36 106.202
37 128.137
38 118.057
39 124.544
40 123.729
41 123.694
42 119.377
43 136.913
44 119.883
45 134.261
46 141.361
47 123.914
48 126.338
49 127.316
50 130.107
51 137.8
52 133.546
53 125.266
54 121.283
55 0.00481313
56 0.00868107
57 0.0040065
58 0.00474833
59 0.00482284
60 0.00368471
61 0.00392723
62 0.00436871
