0 157.556
1 134.908
2 160.17
3 146.987
4 135.772
5 128.136
6 145.101
7 158.105
8 135.33
9 127.534
10 131.223
11 156.993
12 139.191
13 129.039
14 146.451
15 150.235
16 130.645
17 134.555
18 128.112
19 131.67
20 128.991
21 127.008
22 134.709
23 134.451
24 134.28
25 122.533
26 135.151
27 129.445
28 133.438
29 117.034
30 130.499
31 131.327
32 140.833
33 128.244
34 120.758
35 128.793
36 109.699
37 132.066
38 122.228
39 127.317
40 127.129
41 127.942
42 124.28
43 129.421
44 122.656
45 134.803
46 141.898
47 127.106
48 130.92
49 128.977
50 134.435
51 137.392
52 136.868
53 125.798
54 126.654
55 0.00498959
56 0.00834009
57 0.00393899
58 0.00482256
59 0.00552569
60 0.00373677
61 0.00424393
62 0.00485042
